30
1
1419402624
2
1020426361 1342605524
1342605524 -1936270329
3
1251643271 -1376212268 -57724211
-1376212268 1170734090 1431929402
-57724211 1431929402 -1800931485
4
-291964989 936349222 675587727 988389417
936349222 -1599409666 -480510548 187717743
675587727 -480510548 -1099629896 1061902023
988389417 187717743 1061902023 411378984
5
-73862701 -889771288 833211752 -1117083769 188342196
-889771288 -1788241515 -135679945 719762626 1055918120
833211752 -135679945 2022646781 1054771566 175421649
-1117083769 719762626 1054771566 1164825971 59575226
188342196 1055918120 175421649 59575226 -557318328
6
-175606074 -185915324 556545881 -103194764 -1524081379 697692826
-185915324 1156578401 1194574208 1339990015 726195952 680353864
556545881 1194574208 701065764 647916411 254371964 1063355602
-103194764 1339990015 647916411 -394161506 498303094 732432611
-1524081379 726195952 254371964 498303094 191597598 -167376081
697692826 680353864 1063355602 732432611 -167376081 1098538868
7
-451111021 901403055 -367200484 -214895860 -1159274982 161715765 745438222
901403055 -956827403 -1610066710 -1492068369 -318725057 1061669649 -138494521
-367200484 -1610066710 -2020266577 1142965215 367697592 1843952687 -675806682
-214895860 -1492068369 1142965215 -1870992948 265451187 -48489233 377928043
-1159274982 -318725057 367697592 265451187 -74821118 -282215662 -403640901
161715765 1061669649 1843952687 -48489233 -282215662 557413919 887096517
745438222 -138494521 -675806682 377928043 -403640901 887096517 81069667
8
-1735019772 -584242160 -1534878238 733780143 927050325 -459665704 -1840834158 552885664
-584242160 1226161670 -686363348 914018438 492626883 -238111783 -471090380 519675929
-1534878238 -686363348 1151297775 1145625682 -30379989 -1514913942 -439952650 820663858
733780143 914018438 1145625682 -2134119895 749263998 949042195 1942476560 1637162003
927050325 492626883 -30379989 749263998 84338885 -1791185322 132925146 574744114
-459665704 -238111783 -1514913942 949042195 -1791185322 1514557131 579869314 699836874
-1840834158 -471090380 -439952650 1942476560 132925146 579869314 -1011127270 413983458
552885664 519675929 820663858 1637162003 574744114 699836874 413983458 -171093397
9
1730977555 -222427082 -84182502 910226981 1305498419 -993665839 1444366030 1928548659 415755198
-222427082 -636017607 -56093026 -882095350 -10368871 -307859302 771889624 -1873660696 918706758
-84182502 -56093026 1400872171 1184640865 -6689075 -1575402821 205720287 415293001 -938743987
910226981 -882095350 1184640865 -1059755415 963247033 608977549 -714307390 -953330099 491564353
1305498419 -10368871 -6689075 963247033 1326268009 -443086408 -466786116 -1694012925 -32778233
-993665839 -307859302 -1575402821 608977549 -443086408 -1622179033 654460004 57893244 -383338058
1444366030 771889624 205720287 -714307390 -466786116 654460004 1034500642 586921570 12999391
1928548659 -1873660696 415293001 -953330099 -1694012925 57893244 586921570 1329652790 -935613282
415755198 918706758 -938743987 491564353 -32778233 -383338058 12999391 -935613282 -1845463418
10
794280138 1411783760 98914441 -278234168 -135762224 5108220 134945369 -2039626140 280896315 -106922929
1411783760 1106240842 375333199 1635909033 1269987454 -77579887 -227037309 -1059142377 -1277325327 -1731654436
98914441 375333199 -1446858598 -1303838272 1081922180 1025748516 -505939797 1473431138 294014225 924884099
-278234168 1635909033 -1303838272 -554049652 -315563778 -1244804521 -894366006 -426716503 261701912 656987062
-135762224 1269987454 1081922180 -315563778 -2003650983 -586144475 -895882047 814097639 214180132 1612529649
5108220 -77579887 1025748516 -1244804521 -586144475 1074756670 -1640782099 -1557656583 594755101 -207727463
134945369 -227037309 -505939797 -894366006 -895882047 -1640782099 695255093 -1239035543 -179847751 -221822174
-2039626140 -1059142377 1473431138 -426716503 814097639 -1557656583 -1239035543 1954138062 -44865122 508684661
280896315 -1277325327 294014225 261701912 214180132 594755101 -179847751 -44865122 1185431119 15785454
-106922929 -1731654436 924884099 656987062 1612529649 -207727463 -221822174 508684661 15785454 1886949459
11
494756106 757984711 715360872 987920142 -187802374 -838976174 -931517140 -1860115036 -2018237322 -390368357 73224095
757984711 1201843497 -803020424 -235850100 -1059911592 20461458 563377488 -115048883 -740061753 945796318 1461648414
715360872 -803020424 2121108383 1061370729 153974750 1434498895 695047210 -175410818 1911152493 -645175033 1034276025
987920142 -235850100 1061370729 81259729 -941727406 9362940 1671329481 -138216762 1564382003 219354184 15221813
-187802374 -1059911592 153974750 -941727406 198653127 -1081637366 256692588 -545025391 574212007 125691784 986535730
-838976174 20461458 1434498895 9362940 -1081637366 389976105 -670479690 702190471 -139730354 1626465360 -894057732
-931517140 563377488 695047210 1671329481 256692588 -670479690 988763429 1613295047 -1543403344 -111750805 1868407482
-1860115036 -115048883 -175410818 -138216762 -545025391 702190471 1613295047 -1350620068 -653410261 -641396163 1291224621
-2018237322 -740061753 1911152493 1564382003 574212007 -139730354 -1543403344 -653410261 851698869 218927287 832607752
-390368357 945796318 -645175033 219354184 125691784 1626465360 -111750805 -641396163 218927287 1438448320 -167782121
73224095 1461648414 1034276025 15221813 986535730 -894057732 1868407482 1291224621 832607752 -167782121 1247881960
12
-1121369497 1748475258 24039122 1850063703 -348982097 -733957251 -1094852252 -392334859 351600832 -841474760 -883101022 459902956
1748475258 -1440570968 173238860 -746001684 -1180756581 -476617427 23775988 1171564792 1178942971 674850171 1006136350 -1223174963
24039122 173238860 -1657390795 -328904069 149398053 -1189216140 523087533 418324906 571472138 -1435701202 -154889989 454478648
1850063703 -746001684 -328904069 -1163638982 248914774 458153831 -101900315 468239642 -632583400 1575078906 -727250855 -47348192
-348982097 -1180756581 149398053 248914774 -798665223 229418597 -1166227098 242934306 811802988 -35824365 -190266862 152421450
-733957251 -476617427 -1189216140 458153831 229418597 -895511964 -254057128 -796374649 -1053232246 1646757602 -977138276 1061587091
-1094852252 23775988 523087533 -101900315 -1166227098 -254057128 1571640113 576996241 493295368 -35221877 -622337793 -425445981
-392334859 1171564792 418324906 468239642 242934306 -796374649 576996241 1637743523 -1719021512 -615428823 563992952 -950742942
351600832 1178942971 571472138 -632583400 811802988 -1053232246 493295368 -1719021512 -1422873834 -389542111 -1188280753 799874568
-841474760 674850171 -1435701202 1575078906 -35824365 1646757602 -35221877 -615428823 -389542111 -1952503823 -1171800779 -1610241767
-883101022 1006136350 -154889989 -727250855 -190266862 -977138276 -622337793 563992952 -1188280753 -1171800779 -1563536110 -964355725
459902956 -1223174963 454478648 -47348192 152421450 1061587091 -425445981 -950742942 799874568 -1610241767 -964355725 -579622753
13
-2006496423 -892982161 1745532436 -434193687 -341244699 874943647 1146523957 397723479 368549838 -398602830 -419799192 -733505113 691552445
-892982161 72722243 -477394430 -51295307 -308631390 42564058 -354148054 -1891270782 129454358 54248808 507304225 274413164 -191131644
1745532436 -477394430 1305179016 -1371004292 1884394063 -417104391 -103956498 -555416770 -1217371453 1783687311 -1068039661 -730111906 1164071934
-434193687 -51295307 -1371004292 1159730784 -1060383429 -1147064690 -108719355 546414716 970296117 -1268123532 392764880 230759800 645727346
-341244699 -308631390 1884394063 -1060383429 2028236494 113129283 220976497 553021348 118275727 -242943333 -1050742455 1077344079 -231288539
874943647 42564058 -417104391 -1147064690 113129283 -1962306318 -1361432383 903501114 1498582194 1377305969 1275803925 -341887889 -1001940539
1146523957 -354148054 -103956498 -108719355 220976497 -1361432383 -1024219607 -72144755 620003828 -1910040580 -30890175 -1597473038 1066707467
397723479 -1891270782 -555416770 546414716 553021348 903501114 -72144755 1002666338 399972050 -134285561 811209666 -1990591943 -700559665
368549838 129454358 -1217371453 970296117 118275727 1498582194 620003828 399972050 1328619812 377073979 -401422730 -305103942 807899221
-398602830 54248808 1783687311 -1268123532 -242943333 1377305969 -1910040580 -134285561 377073979 -812197611 704665236 -453853905 285798016
-419799192 507304225 -1068039661 392764880 -1050742455 1275803925 -30890175 811209666 -401422730 704665236 -1292251609 -884555906 428201088
-733505113 274413164 -730111906 230759800 1077344079 -341887889 -1597473038 -1990591943 -305103942 -453853905 -884555906 -656566846 -999482661
691552445 -191131644 1164071934 645727346 -231288539 -1001940539 1066707467 -700559665 807899221 285798016 428201088 -999482661 1934821324
14
-765532412 -18581516 -58921682 -599250532 1538069556 370442971 340477909 133396510 -34124104 -1354033270 -1990023528 123759149 623943312 -344813324
-18581516 815755026 1440268947 1353495667 -979988004 1345100691 -1210289842 -641066954 418992234 -316373543 -213609160 -187182763 181952443 141554220
-58921682 1440268947 -862045197 -1461334339 -417478585 -4289516 524969661 683733552 1116231041 456462578 -868621001 -52324299 -1156560109 1224674333
-599250532 1353495667 -1461334339 -1966645871 -1006582238 -1137846101 387772074 157268429 428344385 -158515203 643445731 -165100878 24721470 -1123624185
1538069556 -979988004 -417478585 -1006582238 1661723893 230586844 1743136465 675396927 197875489 -1485868157 557780682 30091208 289937415 384208708
370442971 1345100691 -4289516 -1137846101 230586844 -877615909 885538590 1511927211 365283500 1093843824 1316350496 142458559 641394864 -364832493
340477909 -1210289842 524969661 387772074 1743136465 885538590 -689804879 -89601659 -134841120 -284293965 1473871035 -1172021179 763541005 987144509
133396510 -641066954 683733552 157268429 675396927 1511927211 -89601659 -1832511173 -319236814 524511719 566086411 -310064260 -1324978539 529698479
-34124104 418992234 1116231041 428344385 197875489 365283500 -134841120 -319236814 103620840 -311714916 137434277 -1216169007 -853396621 965658739
-1354033270 -316373543 456462578 -158515203 -1485868157 1093843824 -284293965 524511719 -311714916 2058543304 -201414350 -73099879 -183074659 -748988505
-1990023528 -213609160 -868621001 643445731 557780682 1316350496 1473871035 566086411 137434277 -201414350 -1535376283 -24095962 -334307615 -1402243369
123759149 -187182763 -52324299 -165100878 30091208 142458559 -1172021179 -310064260 -1216169007 -73099879 -24095962 1763988124 312853023 111983364
623943312 181952443 -1156560109 24721470 289937415 641394864 763541005 -1324978539 -853396621 -183074659 -334307615 312853023 1750558421 -1215336900
-344813324 141554220 1224674333 -1123624185 384208708 -364832493 987144509 529698479 965658739 -748988505 -1402243369 111983364 -1215336900 -2005192028
15
1538033809 -292444008 -459255782 -280424723 -491114613 115695030 -586566230 -1205610190 1419111462 1141476994 -924748822 1547070265 464244281 307270208 -233082054
-292444008 -1465504279 -128254707 302911884 843029929 -803631699 418839414 983840139 -1577501728 -520300312 -605004925 1388634252 137135079 351696733 -494596605
-459255782 -128254707 -129656820 -666707950 628169386 -1581350715 -1337855566 83734589 268269311 -990210259 1606912942 807937381 961460564 -1039809136 -788161813
-280424723 302911884 -666707950 -1888957023 229547959 826737828 1289583246 1027836475 318264316 11120422 134820596 -1106901990 67212393 78725518 443154741
-491114613 843029929 628169386 229547959 -828090593 -598931642 679202631 576159396 -942276851 -673889069 -165131378 115372810 -569174274 -922929867 906623858
115695030 -803631699 -1581350715 826737828 -598931642 51564548 -1110524126 -1161872595 -458904586 457374586 -434780719 430044021 183002713 597146117 -391481477
-586566230 418839414 -1337855566 1289583246 679202631 -1110524126 1713256825 1286339718 12486378 -257726141 1757195057 -309992524 -1863675796 1099618969 985256626
-1205610190 983840139 83734589 1027836475 576159396 -1161872595 1286339718 1260852615 -1585518903 -22684381 -628778768 669936848 214635884 647868106 1484013024
1419111462 -1577501728 268269311 318264316 -942276851 -458904586 12486378 -1585518903 -794089360 347584275 -1034924060 -1741547662 -1478869440 -737621189 442072641
1141476994 -520300312 -990210259 11120422 -673889069 457374586 -257726141 -22684381 347584275 -1422400444 -327159989 802510124 -47028864 655206969 562119430
-924748822 -605004925 1606912942 134820596 -165131378 -434780719 1757195057 -628778768 -1034924060 -327159989 -66650868 722898704 -228610360 401719725 1280392401
1547070265 1388634252 807937381 -1106901990 115372810 430044021 -309992524 669936848 -1741547662 802510124 722898704 -1674669097 -728499969 1027330810 1370241817
464244281 137135079 961460564 67212393 -569174274 183002713 -1863675796 214635884 -1478869440 -47028864 -228610360 -728499969 1797048421 1132789268 969225408
307270208 351696733 -1039809136 78725518 -922929867 597146117 1099618969 647868106 -737621189 655206969 401719725 1027330810 1132789268 -1309810688 122684896
-233082054 -494596605 -788161813 443154741 906623858 -391481477 985256626 1484013024 442072641 562119430 1280392401 1370241817 969225408 122684896 -1096024883
16
778060940 756256512 -885178872 640945455 -1947521947 -2519121 -622592358 -462452368 614896519 -6485690 -472852797 -981660174 -189114923 -58258962 285306569 -1331788711
756256512 1224907408 -74220732 -550868216 278076368 -308532824 651850078 -1367069569 -431899010 728391620 81957081 -1022862910 -470951193 1405961582 -1655865127 -382063871
-885178872 -74220732 55513864 807768763 1107610043 1185194184 585458532 310073221 365147767 -1173335858 -1492838063 645112567 -671459685 -392180296 -609138873 17235392
640945455 -550868216 807768763 -736461674 -478304140 368796185 -1484966351 301855646 -946798918 898825335 356277665 1119026763 563144994 359661089 -1082916100 -397658803
-1947521947 278076368 1107610043 -478304140 -1150788618 1441425950 42799664 920556588 -295040605 -384068054 668594182 148194120 -446809540 23217630 60687922 4822968
-2519121 -308532824 1185194184 368796185 1441425950 1332010394 336537959 -337668689 545434034 -1199700972 -1288799531 338895519 -1522791727 1465432710 740028380 -449304295
-622592358 651850078 585458532 -1484966351 42799664 336537959 1219746159 -442344751 -101484596 -392809068 81738892 -164260709 49212287 925379866 435538047 -890126801
-462452368 -1367069569 310073221 301855646 920556588 -337668689 -442344751 -1917156214 101654403 -238536305 -114367311 -1980039250 160630686 644509711 -1556733806 542602978
614896519 -431899010 365147767 -946798918 -295040605 545434034 -101484596 101654403 3946346 491753378 710736931 -1896966118 -1560857811 1446790143 612642566 1853998874
-6485690 728391620 -1173335858 898825335 -384068054 -1199700972 -392809068 -238536305 491753378 -380710016 29116878 534394184 -182147890 -641659250 467150418 41919210
-472852797 81957081 -1492838063 356277665 668594182 -1288799531 81738892 -114367311 710736931 29116878 186920782 -730211671 -849484871 -1481809193 -1151122117 -412405406
-981660174 -1022862910 645112567 1119026763 148194120 338895519 -164260709 -1980039250 -1896966118 534394184 -730211671 698728426 148677227 183822864 -531363612 37607372
-189114923 -470951193 -671459685 563144994 -446809540 -1522791727 49212287 160630686 -1560857811 -182147890 -849484871 148677227 -390644117 1502582301 -765330421 735536471
-58258962 1405961582 -392180296 359661089 23217630 1465432710 925379866 644509711 1446790143 -641659250 -1481809193 183822864 1502582301 1237530936 808101760 -12641533
285306569 -1655865127 -609138873 -1082916100 60687922 740028380 435538047 -1556733806 612642566 467150418 -1151122117 -531363612 -765330421 808101760 29005435 -1398410820
-1331788711 -382063871 17235392 -397658803 4822968 -449304295 -890126801 542602978 1853998874 41919210 -412405406 37607372 735536471 -12641533 -1398410820 328238915
17
-1568813819 -194154310 -145098792 -1318541503 -1771797514 549247551 -321031937 -1313280655 1068455577 -391948439 -1093295272 -596013703 -242037855 531638744 64185663 135155497 -383770868
-194154310 1559757920 1330021958 6559710 -1112600176 25491252 -557429921 -181529647 1238061129 -711894550 -429442617 818426831 -880321794 -407693100 -744815809 -343735793 1101502327
-145098792 1330021958 1777580617 -66958042 1092428999 336422880 1330485428 1138592197 899723867 -292521442 -1771265602 751544248 -376712833 181864981 -126392398 -509395597 155888807
-1318541503 6559710 -66958042 -1723502384 126871118 1137004986 -1888801089 -597641453 -5503989 -743980598 1732788061 1076652452 -709755372 89954136 -434607687 -219183937 -39036256
-1771797514 -1112600176 1092428999 126871118 -1027996296 -100327639 -88124375 -108112940 1130861151 -321273993 86309480 28356959 -775248886 -942193327 1017791624 1295646617 280907600
549247551 25491252 336422880 1137004986 -100327639 -1996683945 387069739 -1152361407 -1540855354 -887213649 -141411968 -1348308646 -544865805 859102334 259136314 -110023613 293735537
-321031937 -557429921 1330485428 -1888801089 -88124375 387069739 754012935 -543070981 -319779877 997761529 385627411 -484625175 1194454794 -1739400555 1393744438 -188327838 32695031
-1313280655 -181529647 1138592197 -597641453 -108112940 -1152361407 -543070981 -1881871583 -1338748481 -1090479259 -1340660739 1395691254 1389982656 822677230 -222238887 -964480203 1398888051
1068455577 1238061129 899723867 -5503989 1130861151 -1540855354 -319779877 -1338748481 58641341 -1227698153 -1258744217 479699276 130486936 161083517 -416483318 824507637 -364423762
-391948439 -711894550 -292521442 -743980598 -321273993 -887213649 997761529 -1090479259 -1227698153 -706362362 -350785183 334583907 928879740 651044278 502727562 -1367265038 1219910576
-1093295272 -429442617 -1771265602 1732788061 86309480 -141411968 385627411 -1340660739 -1258744217 -350785183 -142664776 -77326158 -1085649415 184411298 412651732 337585055 -620567567
-596013703 818426831 751544248 1076652452 28356959 -1348308646 -484625175 1395691254 479699276 334583907 -77326158 1830169833 -680500435 1164141894 1434638113 1160448379 795323428
-242037855 -880321794 -376712833 -709755372 -775248886 -544865805 1194454794 1389982656 130486936 928879740 -1085649415 -680500435 1838237722 -109917677 286304499 -1102846571 582014937
531638744 -407693100 181864981 89954136 -942193327 859102334 -1739400555 822677230 161083517 651044278 184411298 1164141894 -109917677 259831803 258794700 -758546473 -338479129
64185663 -744815809 -126392398 -434607687 1017791624 259136314 1393744438 -222238887 -416483318 502727562 412651732 1434638113 286304499 258794700 1998675239 -1112220940 -1481714386
135155497 -343735793 -509395597 -219183937 1295646617 -110023613 -188327838 -964480203 824507637 -1367265038 337585055 1160448379 -1102846571 -758546473 -1112220940 414338235 -1567583855
-383770868 1101502327 155888807 -39036256 280907600 293735537 32695031 1398888051 -364423762 1219910576 -620567567 795323428 582014937 -338479129 -1481714386 -1567583855 -946984856
18
1899472621 1055579689 -533824804 -1434077733 -1169392460 230927183 1513197073 1231141417 -667375957 -460143206 -1118808810 -137446572 1899886400 -1601760796 195105519 -468209380 -52439900 853329781
1055579689 456015669 -1133896113 1030959493 377874177 982373644 -1297689041 957454945 -344123395 1296867453 365704637 517542975 83251633 -145781540 31375243 1037076237 265855343 -315123815
-533824804 -1133896113 1065370559 900493322 1282950526 377660155 1153319506 -1790756545 -1902463503 -395179583 563315093 1146935143 203273061 -437565518 -309117089 1186199332 578040414 -239021524
-1434077733 1030959493 900493322 651203304 297036780 -817317672 -1970860352 33206023 680485821 1698522597 129622429 -1340267502 782273848 976794183 405886701 494967694 129349823 -317143735
-1169392460 377874177 1282950526 297036780 -817205429 -10311385 -1015164114 286515803 503160200 758080729 693898357 244902748 1183193002 -489047465 1691255759 120655481 -54026281 -108706202
230927183 982373644 377660155 -817317672 -10311385 2048365920 835935478 -862842193 -288825944 -542176293 -82964134 1426878146 -388507070 -53587826 81508241 30105133 -522475661 541544449
1513197073 -1297689041 1153319506 -1970860352 -1015164114 835935478 -784617143 1262652753 509278372 351809402 -1283574591 -11054971 387852113 676026940 -950919598 -313125464 -440127265 -658420433
1231141417 957454945 -1790756545 33206023 286515803 -862842193 1262652753 167537783 514121945 -96795986 1211838510 -1362637960 -914359471 12235537 -26421772 1086989591 617951019 602434011
-667375957 -344123395 -1902463503 680485821 503160200 -288825944 509278372 514121945 -1586088281 -1171750532 -102050001 1395659227 784825696 629844506 -807343642 -523029167 -148410197 -807088739
-460143206 1296867453 -395179583 1698522597 758080729 -542176293 351809402 -96795986 -1171750532 1081294338 -1378207983 1126572893 -141474471 1135814826 -944104938 702525802 -249162891 614711820
-1118808810 365704637 563315093 129622429 693898357 -82964134 -1283574591 1211838510 -102050001 -1378207983 1058301043 932853560 -845533189 689088152 1050299878 -1001080330 -546345486 221137141
-137446572 517542975 1146935143 -1340267502 244902748 1426878146 -11054971 -1362637960 1395659227 1126572893 932853560 1320549412 476088491 33323321 -51912706 214365059 1098810588 -838054523
1899886400 83251633 203273061 782273848 1183193002 -388507070 387852113 -914359471 784825696 -141474471 -845533189 476088491 -1722611344 -364416138 1365947849 -354848036 -86258608 447299664
-1601760796 -145781540 -437565518 976794183 -489047465 -53587826 676026940 12235537 629844506 1135814826 689088152 33323321 -364416138 661940349 -305529289 837367818 55446405 -1246045863
195105519 31375243 -309117089 405886701 1691255759 81508241 -950919598 -26421772 -807343642 -944104938 1050299878 -51912706 1365947849 -305529289 1760938688 -1394920655 1107580393 -294157599
-468209380 1037076237 1186199332 494967694 120655481 30105133 -313125464 1086989591 -523029167 702525802 -1001080330 214365059 -354848036 837367818 -1394920655 1608436436 1037113190 -56125135
-52439900 265855343 578040414 129349823 -54026281 -522475661 -440127265 617951019 -148410197 -249162891 -546345486 1098810588 -86258608 55446405 1107580393 1037113190 940969774 -761204556
853329781 -315123815 -239021524 -317143735 -108706202 541544449 -658420433 602434011 -807088739 614711820 221137141 -838054523 447299664 -1246045863 -294157599 -56125135 -761204556 1995014042
19
-1180017814 742908571 932807454 -149303697 -1948207223 552967688 249039561 -175709587 -372404515 1122166527 -76489477 -846199886 852173104 370903679 -562663488 -643285868 -148436909 -328659993 339980721
742908571 117315831 -887229202 872160798 139153067 -1260626866 -662264432 -931883169 -535751492 -205160447 -101386850 684004466 1378143741 1317786433 -502031533 738795306 -282289571 147573757 -371009958
932807454 -887229202 -1247289771 -1159407399 17181239 -1385529249 824242945 1107189611 -686321357 -1198262796 -860864538 1075796774 -673696529 37326051 397473204 -1226081186 743878029 850866899 468175337
-149303697 872160798 -1159407399 -1275372838 -734577483 -1918539841 1176765776 177899563 -660719595 -802761393 1703590759 1349748784 442010659 -770026597 -982459002 -272531670 307198861 389512328 -705455643
-1948207223 139153067 17181239 -734577483 -2042106852 -514355880 1557720201 -703393350 875713364 1521863498 1147170033 -555508449 486854159 1499343314 682284487 -194305746 1682919757 640050464 1260317561
552967688 -1260626866 -1385529249 -1918539841 -514355880 272349170 -647091831 815477088 1341830546 -581177363 -524236754 -50637658 -268666351 293386646 -513186439 949970932 701959736 568107231 -120178073
249039561 -662264432 824242945 1176765776 1557720201 -647091831 -1067202405 452748403 1581983 -393237408 862370378 311863607 19679748 -267977173 -493654005 1124847809 -354325209 -300294877 -1685891967
-175709587 -931883169 1107189611 177899563 -703393350 815477088 452748403 -1985889316 -30245431 -529714156 109875211 -865782074 -224898333 1391953765 -600211290 -154001751 1264925585 -449757195 -1860532809
-372404515 -535751492 -686321357 -660719595 875713364 1341830546 1581983 -30245431 1180104618 377834908 177678983 984582263 1307733160 1360872583 -408769558 377869072 -969321370 1729516299 -1456882615
1122166527 -205160447 -1198262796 -802761393 1521863498 -581177363 -393237408 -529714156 377834908 1077620260 177144927 1215934468 1112930180 -234318110 1717086254 -535748937 -893882438 -1778025269 1852783218
-76489477 -101386850 -860864538 1703590759 1147170033 -524236754 862370378 109875211 177678983 177144927 200327224 526927388 -1772217889 974084007 -821868004 -426074511 -547784281 158630441 -4825227
-846199886 684004466 1075796774 1349748784 -555508449 -50637658 311863607 -865782074 984582263 1215934468 526927388 -1313928227 -849379847 -66043495 948270625 -756163914 -170580820 -109568668 1187729819
852173104 1378143741 -673696529 442010659 486854159 -268666351 19679748 -224898333 1307733160 1112930180 -1772217889 -849379847 -1040132967 510452193 -1120677185 -335047448 -590214004 108006931 -1103449784
370903679 1317786433 37326051 -770026597 1499343314 293386646 -267977173 1391953765 1360872583 -234318110 974084007 -66043495 510452193 1870864246 -565924907 -472558061 8209135 -737927227 -48967398
-562663488 -502031533 397473204 -982459002 682284487 -513186439 -493654005 -600211290 -408769558 1717086254 -821868004 948270625 -1120677185 -565924907 710575141 156371610 -682098267 -663201110 1284501330
-643285868 738795306 -1226081186 -272531670 -194305746 949970932 1124847809 -154001751 377869072 -535748937 -426074511 -756163914 -335047448 -472558061 156371610 -1522434490 -206618123 -893440568 -1700981424
-148436909 -282289571 743878029 307198861 1682919757 701959736 -354325209 1264925585 -969321370 -893882438 -547784281 -170580820 -590214004 8209135 -682098267 -206618123 -946855692 239123563 -22670208
-328659993 147573757 850866899 389512328 640050464 568107231 -300294877 -449757195 1729516299 -1778025269 158630441 -109568668 108006931 -737927227 -663201110 -893440568 239123563 -807172234 300972733
339980721 -371009958 468175337 -705455643 1260317561 -120178073 -1685891967 -1860532809 -1456882615 1852783218 -4825227 1187729819 -1103449784 -48967398 1284501330 -1700981424 -22670208 300972733 -1937985290
20
170290225 899843649 1293634298 -43702097 -1053296345 204503667 -1777680356 -171395098 -694202723 1814904387 987496123 -850000859 -747137763 435292090 -404616975 -802157852 560559739 -447560401 -1137887334 322205346
899843649 1916472021 -106997017 689328910 -964336274 1299284840 -1157332195 919911186 -228543784 -1436901425 -641002929 -563894830 657521764 982802220 115415635 -518447934 700193600 85005978 -683285523 -785615065
1293634298 -106997017 -1202274714 1116692589 524358842 960678450 -697896886 -1515133253 40409478 -1504040319 -1073241618 606849231 726257119 -1135707782 -341347584 -24684575 -1585215947 273032090 280069029 1326782818
-43702097 689328910 1116692589 680321940 350866929 -1058686053 -507409274 1409404072 -660714946 239873252 -392458474 -596401462 25259607 1215057657 1198689483 -463581366 -1959160877 1186952169 -735458027 1405659449
-1053296345 -964336274 524358842 350866929 -2103052831 868205876 254829029 -374020163 1812016799 -1496950167 -855161308 207920170 839296259 720168615 27177852 -380860270 -1221052872 1719616079 -477895152 767659281
204503667 1299284840 960678450 -1058686053 868205876 -74701644 -805928536 662911362 260106643 1336319264 -885089709 -823859699 425991260 -676719805 -1219075830 428433082 544583657 -1668395786 195783229 -121237996
-1777680356 -1157332195 -697896886 -507409274 254829029 -805928536 -1841101145 1401687891 732854358 -612591305 337248020 -164574342 1590790418 -1703599546 -649347785 -218658480 1825215864 -469047567 -133584010 64189135
-171395098 919911186 -1515133253 1409404072 -374020163 662911362 1401687891 1365367755 -433317851 -694683444 512836008 342945756 1249970162 234074004 -114621372 -1143441918 1749690397 1414783075 280857112 335694827
-694202723 -228543784 40409478 -660714946 1812016799 260106643 732854358 -433317851 -1139970314 302102348 -829939434 -125223062 -810101001 98930480 -569910705 -484916178 -255872473 566469672 646627436 -456903478
1814904387 -1436901425 -1504040319 239873252 -1496950167 1336319264 -612591305 -694683444 302102348 -1726009474 571186566 802990898 -737781500 1744537359 531709580 -923058170 -841034275 777769713 -1512409873 -6294051
987496123 -641002929 -1073241618 -392458474 -855161308 -885089709 337248020 512836008 -829939434 571186566 1744385808 132326371 -1628600221 -433675293 -1534972065 -146877740 -9806475 -9325467 -261111992 493276890
-850000859 -563894830 606849231 -596401462 207920170 -823859699 -164574342 342945756 -125223062 802990898 132326371 64470723 37787304 10079450 -408698067 -789269289 -574826673 -678286662 410884510 -1411109458
-747137763 657521764 726257119 25259607 839296259 425991260 1590790418 1249970162 -810101001 -737781500 -1628600221 37787304 -868049607 1314001423 917986912 -700955380 706088907 -1531544811 339584025 681041845
435292090 982802220 -1135707782 1215057657 720168615 -676719805 -1703599546 234074004 98930480 1744537359 -433675293 10079450 1314001423 -493939513 -82529016 -1082678001 -122267447 1031228119 702691533 557482993
-404616975 115415635 -341347584 1198689483 27177852 -1219075830 -649347785 -114621372 -569910705 531709580 -1534972065 -408698067 917986912 -82529016 1614165802 580588966 17267280 -342420246 -956931802 -1048221790
-802157852 -518447934 -24684575 -463581366 -380860270 428433082 -218658480 -1143441918 -484916178 -923058170 -146877740 -789269289 -700955380 -1082678001 580588966 -487156243 -1033415693 334015451 -710231821 -931378214
560559739 700193600 -1585215947 -1959160877 -1221052872 544583657 1825215864 1749690397 -255872473 -841034275 -9806475 -574826673 706088907 -122267447 17267280 -1033415693 288682994 -1029656186 -111176711 733136354
-447560401 85005978 273032090 1186952169 1719616079 -1668395786 -469047567 1414783075 566469672 777769713 -9325467 -678286662 -1531544811 1031228119 -342420246 334015451 -1029656186 -1220675740 -926689466 -1426640631
-1137887334 -683285523 280069029 -735458027 -477895152 195783229 -133584010 280857112 646627436 -1512409873 -261111992 410884510 339584025 702691533 -956931802 -710231821 -111176711 -926689466 771258291 559700583
322205346 -785615065 1326782818 1405659449 767659281 -121237996 64189135 335694827 -456903478 -6294051 493276890 -1411109458 681041845 557482993 -1048221790 -931378214 733136354 -1426640631 559700583 -1485202360
21
-1367727088 -452186097 660208088 265929330 -117723998 -660690147 -777173565 186385744 1735668629 -340861746 -989971467 294249872 -1139247560 158954813 -1532769767 1680891528 591932809 -35055719 1527299979 -1072610572 -1185308212
-452186097 1839487026 -1952233909 1368319664 -1414177236 319360366 1112774947 741470117 -103704254 -872147588 -1751244174 -266226576 1174312212 -1088125421 756248737 972697801 723236987 1955566490 -623349510 -1862782637 1278057042
660208088 -1952233909 504762456 -589106703 -475484595 -931790913 1205829181 -1489322982 650264400 -454273813 148101230 1113759796 386862566 237196161 110749230 -743663251 1127702352 -1046597813 445492184 -84933862 -1545875905
265929330 1368319664 -589106703 1016337674 -68217222 -1647454155 -1097185035 -310088616 7416422 24247884 -42781930 -768708856 1194110105 1797154711 -434891213 -1577950846 825663267 1065617533 1022844617 116064950 -1158450328
-117723998 -1414177236 -475484595 -68217222 -1672594199 164415232 -573386778 -861498815 -51517302 -714693043 502342073 637850924 251418550 190944970 -364549222 1989496613 -632762162 -52866815 240796746 708764337 910633863
-660690147 319360366 -931790913 -1647454155 164415232 -861900397 -1042017482 1528920380 379029036 814170912 -433507372 -480847260 -810975331 -264306933 198427530 -476198967 -1395680623 -1041389516 1356128247 -1384478447 -392530643
-777173565 1112774947 1205829181 -1097185035 -573386778 -1042017482 667950483 268075351 611431239 1646769849 -1095679969 543826293 -95277416 29544636 924335083 -738953341 992252433 488774981 -1137354023 887913406 483397544
186385744 741470117 -1489322982 -310088616 -861498815 1528920380 268075351 -1149793970 -844781535 1254639942 -996937698 -944926917 -152893640 -141714502 -1626767075 -182417906 898582382 1553344738 -795434873 668788300 -658241280
1735668629 -103704254 650264400 7416422 -51517302 379029036 611431239 -844781535 -1539482032 -738800043 1188053674 -1457069869 1113908294 1126822380 -1072065131 -260653275 -81213391 377432345 -244198210 -1624823012 329524478
-340861746 -872147588 -454273813 24247884 -714693043 814170912 1646769849 1254639942 -738800043 739659626 810603212 -397923298 -1686712554 -782027103 -601980811 1056713765 542114596 -80349584 -1132106799 294312536 1503729452
-989971467 -1751244174 148101230 -42781930 502342073 -433507372 -1095679969 -996937698 1188053674 810603212 1930908190 -220283135 27191518 188386805 -920348539 -1059962311 1213340779 -1226849886 -808264517 -318818644 1036216167
294249872 -266226576 1113759796 -768708856 637850924 -480847260 543826293 -944926917 -1457069869 -397923298 -220283135 2101333413 -848560951 -243794046 1202232928 101370296 -959474735 -1864599729 877724954 1382720876 -1251766270
-1139247560 1174312212 386862566 1194110105 251418550 -810975331 -95277416 -152893640 1113908294 -1686712554 27191518 -848560951 1464659605 -1166164129 -1494398213 530840017 -1076747400 1332021372 -505969921 50408410 -583196513
158954813 -1088125421 237196161 1797154711 190944970 -264306933 29544636 -141714502 1126822380 -782027103 188386805 -243794046 -1166164129 -890375154 629193195 292238987 541058890 560141209 -1459748187 594814466 -1927286569
-1532769767 756248737 110749230 -434891213 -364549222 198427530 924335083 -1626767075 -1072065131 -601980811 -920348539 1202232928 -1494398213 629193195 385282258 419377782 -30798689 285557544 760773647 525749436 130271973
1680891528 972697801 -743663251 -1577950846 1989496613 -476198967 -738953341 -182417906 -260653275 1056713765 -1059962311 101370296 530840017 292238987 419377782 80932993 1607823708 179181522 186650166 -597927676 -341169478
591932809 723236987 1127702352 825663267 -632762162 -1395680623 992252433 898582382 -81213391 542114596 1213340779 -959474735 -1076747400 541058890 -30798689 1607823708 8558913 730888909 1285620650 -1419436730 565804691
-35055719 1955566490 -1046597813 1065617533 -52866815 -1041389516 488774981 1553344738 377432345 -80349584 -1226849886 -1864599729 1332021372 560141209 285557544 179181522 730888909 -904250286 181885960 -176322205 336694407
1527299979 -623349510 445492184 1022844617 240796746 1356128247 -1137354023 -795434873 -244198210 -1132106799 -808264517 877724954 -505969921 -1459748187 760773647 186650166 1285620650 181885960 1941327104 424643071 1312948258
-1072610572 -1862782637 -84933862 116064950 708764337 -1384478447 887913406 668788300 -1624823012 294312536 -318818644 1382720876 50408410 594814466 525749436 -597927676 -1419436730 -176322205 424643071 373306810 -627522002
-1185308212 1278057042 -1545875905 -1158450328 910633863 -392530643 483397544 -658241280 329524478 1503729452 1036216167 -1251766270 -583196513 -1927286569 130271973 -341169478 565804691 336694407 1312948258 -627522002 1513781311
22
1475031373 -1208037801 -129595221 1336648593 1443792080 321402814 -52073267 -220679369 428102156 -1932015486 -1212946768 -489539543 325934467 -597082687 -41873900 1277554426 1041990520 1519726703 -328066908 107297126 465527450 427351430
-1208037801 -847596814 203990093 -266001786 34880700 -853068309 -265916803 -104773420 1198073557 1275335692 -312655654 -1433679002 157594378 -680225710 -1010385789 260316597 -1321155934 245344776 -495843195 -1095376060 750501744 -956680955
-129595221 203990093 227870709 944495508 -682609578 -1011968952 -29041770 -884203169 -623237599 1283072253 149709245 547159249 -1138383235 1563935083 -509641576 325769560 105907104 -1023971955 -1005188683 -52110210 164881614 236627635
1336648593 -266001786 944495508 -393784120 13625212 -740368353 -127816769 88766979 1313126306 1582930283 1729513005 679393417 -1379119028 -940537580 1656803910 -270296110 -1619373494 1430610173 -208363527 1270518084 -1031936132 -427851474
1443792080 34880700 -682609578 13625212 -631044016 109437039 -1016127093 53601663 755086449 1042669866 1743265145 1896842046 -837074518 1419529709 -1261349620 -945765322 -431913163 777945134 955056337 1004008271 1350754726 1049611040
321402814 -853068309 -1011968952 -740368353 109437039 1235380184 -277526441 -913615696 524434103 -1671796274 694946672 1098064147 -208855080 975161132 619808923 434894610 691757646 1948147374 465959739 -10434414 -1578393995 -977363662
-52073267 -265916803 -29041770 -127816769 -1016127093 -277526441 -1170943145 -13716339 -1002398211 -569813119 1415579689 202923531 861009731 -248887712 81528574 -99797226 958715208 -17130118 -958649775 1181609473 -1264278323 565595884
-220679369 -104773420 -884203169 88766979 53601663 -913615696 -13716339 -1558013498 955776650 1326512418 128532586 806403098 -91546843 463491984 19014112 -2119656116 853776445 -673290855 -1461643466 141182400 613393815 -571679905
428102156 1198073557 -623237599 1313126306 755086449 524434103 -1002398211 955776650 -1867115009 -109126552 1850193679 -969672085 -938289831 -90733039 155317620 -363923771 -173324359 -705426651 1277839788 -1769107176 -1671564875 -200139933
-1932015486 1275335692 1283072253 1582930283 1042669866 -1671796274 -569813119 1326512418 -109126552 -460883598 597595184 -1546396119 -43160877 -629152946 -236682292 1213500079 -331243317 -12901470 -1260667608 -159277921 813573814 -826073523
-1212946768 -312655654 149709245 1729513005 1743265145 694946672 1415579689 128532586 1850193679 597595184 393854262 1357563170 840015964 -1186887557 119387438 -111945089 -1631096797 -1670090533 -907077485 -301456098 -660090326 1232261150
-489539543 -1433679002 547159249 679393417 1896842046 1098064147 202923531 806403098 -969672085 -1546396119 1357563170 1886438653 -413326753 1373369426 25946228 -268288786 -1543420336 619362194 1741820637 -536171672 -1743403142 687710465
325934467 157594378 -1138383235 -1379119028 -837074518 -208855080 861009731 -91546843 -938289831 -43160877 840015964 -413326753 1422944600 418388940 -974841583 -626104311 -1419273272 1575424773 685914416 -372163399 -1536447262 434819094
-597082687 -680225710 1563935083 -940537580 1419529709 975161132 -248887712 463491984 -90733039 -629152946 -1186887557 1373369426 418388940 1882758239 -421517684 -197724610 56502425 132833096 -193981212 466220255 -647207137 -733318003
-41873900 -1010385789 -509641576 1656803910 -1261349620 619808923 81528574 19014112 155317620 -236682292 119387438 25946228 -974841583 -421517684 36297920 -216268063 -612921390 507369370 -249265786 -437169962 -42987859 -1538658139
1277554426 260316597 325769560 -270296110 -945765322 434894610 -99797226 -2119656116 -363923771 1213500079 -111945089 -268288786 -626104311 -197724610 -216268063 -1918954446 -1140368716 -295815651 389286736 1468904053 80500099 858238371
1041990520 -1321155934 105907104 -1619373494 -431913163 691757646 958715208 853776445 -173324359 -331243317 -1631096797 -1543420336 -1419273272 56502425 -612921390 -1140368716 988377498 349194334 -301366643 288120909 117577096 -116772125
1519726703 245344776 -1023971955 1430610173 777945134 1948147374 -17130118 -673290855 -705426651 -12901470 -1670090533 619362194 1575424773 132833096 507369370 -295815651 349194334 1507179692 578035197 -1173732159 124108267 -1279598862
